[gd_scene load_steps=2 format=3 uid="uid://c73j5w6l53cjs"]

[ext_resource type="PackedScene" uid="uid://eh2eolwhs5pc" path="res://Assets/Models/PlayerCharacter.gltf" id="1_gds7e"]

[node name="PlayerSkin" instance=ExtResource("1_gds7e")]
transform = Transform3D(-1, 0, -8.742278e-08, 0, 1, 0, 8.742278e-08, 0, -1, 0, 0, 0)

[node name="Hand" parent="Root" index="0"]
transform = Transform3D(0.1736481, 0.9848078, 0, -0.9848078, 0.1736481, 0, 0, 0, 1, -0.875, 1.3125, 0.125)

[node name="Hand2" parent="Root" index="1"]
transform = Transform3D(0.1736481, -0.9848077, 0, 0.9848078, 0.17364809, 0, 0, 0, 0.99999994, 0.875, 1.3125, 0.125)

[node name="Body" parent="Root" index="2"]
transform = Transform3D(1, 0, 0, 0, 0.9914449, -0.13052619, 0, 0.13052619, 0.9914449, 0, 0, 0)
